ans =

   2000    256

ans =

     10   2000

ans =

   10    1

ans =

    10   256

Epoch 1: Cost on iteration 1 is 0.000000
ans =

   2000    256

ans =

     10   2000

ans =

   10    1

ans =

    10   256

Epoch 1: Cost on iteration 2 is 0.000000
ans =

   2000    256

ans =

     10   2000

ans =

   10    1

ans =

    10   256

Epoch 1: Cost on iteration 3 is 0.000000
ans =

   2000    256

ans =

     10   2000

ans =

   10    1

ans =

    10   256

Epoch 1: Cost on iteration 4 is 0.000000

